# title1 ----
## title 2----
df$pTM_NDUFS2 <- c(0.77, 0.77, 0.77, 0.77, 0.77, 0.77, 0.77, 0.77, 0.77, 0.77,
0.77, 0.77, 0.77, 0.77, 0.77, 0.77, 0.77, 0.77,0.77,0.77,
0.77, 0.77,0.77,0.77,0.77,0.77, 0.77)
View(df)
rm(list = ls())
# title1 ----
## title 2----pTM_NDUFS2 <- c(0.77, 0.77, 0.77, 0.77, 0.77, 0.77, 0.77, 0.77, 0.77, 0.77,
0.77, 0.77, 0.77, 0.77, 0.77, 0.77, 0.77, 0.77,0.77,0.77,
pTM_NDUFS2 <- c(0.77, 0.77, 0.77, 0.77, 0.77, 0.77, 0.77, 0.77, 0.77, 0.77,
0.77, 0.77, 0.77, 0.77, 0.77, 0.77, 0.77, 0.77,0.77,0.77,
0.77, 0.77,0.77,0.77,0.77,0.77, 0.77)
